MatLab_Code/cuboid.grd
DSAA
101 101
0 10
0 10
-125.629127 249.10291
[rows 33 to 65 of 101, columns 0 to 74 of 101]
-25.45 -26.73 -28.11 -29.58 -31.13 -32.77 -34.49 -36.25 -38.03 -39.76 -41.35 -42.64 -43.41 -43.33 -41.94 -38.61 -32.56 -22.97 -9.276 8.302 28.32 48.3 65.76 79.25 88.57 94.26 97.18 98.12 97.77 96.63 95.07 93.33 91.56 89.9 88.45 87.29 86.42 85.83 85.43 85.1 84.72 84.1 83 81.04 77.69 72.27 63.96 51.89 35.5 14.97 -8.258 -31.73 -52.99 -70.61 -84.38 -94.87 -102.9 -109.1 -114.1 -118.2 -121.5 -123.7 -124.3 -122.8 -118.1 -109.1 -94.26 -71.56 -38.22 9.156 67.94 114.7 133.2 134.1 128.2
-25.59 -26.88 -28.27 -29.75 -31.32 -32.98 -34.71 -36.49 -38.29 -40.04 -41.65 -42.96 -43.76 -43.71 -42.35 -39.05 -33.04 -23.48 -9.835 7.691 27.65 47.55 64.93 78.32 87.51 93.06 95.83 96.66 96.27 95.24 93.9 92.4 90.78 89.16 87.71 86.53 85.68 85.09 84.65 84.17 83.55 82.7 81.49 79.56 76.34 71.07 62.89 50.96 34.67 14.23 -8.931 -32.35 -53.56 -71.13 -84.86 -95.31 -103.3 -109.5 -114.5 -118.6 -121.8 -123.9 -124.6 -123.1 -118.4 -109.3 -94.45 -71.74 -38.39 9.001 67.8 114.5 133.1 134 128.1
-25.71 -27.01 -28.41 -29.9 -31.49 -33.16 -34.9 -36.7 -38.52 -40.29 -41.91 -43.25 -44.07 -44.04 -42.71 -39.44 -33.46 -23.94 -10.33 7.147 27.05 46.88 64.17 77.46 86.52 91.94 94.6 95.43 95.34 95.12 95.07 94.87 94.1 92.86 91.52 90.36 89.49 88.79 87.97 86.64 84.71 82.58 80.57 78.34 75.1 69.94 61.91 50.09 33.91 13.55 -9.536 -32.89 -54.06 -71.59 -85.29 -95.7 -103.6 -109.8 -114.8 -118.9 -122 -124.2 -124.8 -123.3 -118.6 -109.5 -94.62 -71.9 -38.54 8.862 67.67 114.4 133 133.9 128
-25.81 -27.13 -28.54 -30.04 -31.63 -33.31 -35.07 -36.89 -38.72 -40.5 -42.14 -43.5 -44.33 -44.33 -43.02 -39.78 -33.82 -24.34 -10.76 6.672 26.52 46.29 63.5 76.69 85.64 90.94 93.56 94.64 95.59 97.99 102.4 106.6 108.5 108.4 107.4 106.3 105.3 104.3 102.4 98.36 92 85.45 80.81 77.55 74.06 68.94 61.02 49.32 33.24 12.96 -10.07 -33.37 -54.49 -71.99 -85.65 -96.04 -104 -110.1 -115.1 -119.1 -122.3 -124.4 -125 -123.5 -118.8 -109.7 -94.78 -72.04 -38.67 8.741 67.56 114.3 132.9 133.8 127.9
-25.91 -27.23 -28.64 -30.15 -31.76 -33.45 -35.22 -37.04 -38.88 -40.68 -42.34 -43.71 -44.56 -44.57 -43.28 -40.06 -34.13 -24.67 -11.13 6.27 26.07 45.79 62.93 76.03 84.88 90.11 92.78 94.4 97.43 105.7 121.1 136.5 144.3 146.3 145.9 145 143.9 142.2 138.1 128.2 110.8 93.16 82.65 77.3 73.28 68.11 60.26 48.66 32.66 12.46 -10.51 -33.78 -54.86 -72.33 -85.96 -96.33 -104.2 -110.4 -115.3 -119.3 -122.5 -124.6 -125.2 -123.6 -118.9 -109.8 -94.9 -72.16 -38.78 8.636 67.46 114.2 132.8 133.7 127.8
-25.98 -27.31 -28.73 -30.25 -31.86 -33.56 -35.34 -37.17 -39.02 -40.83 -42.5 -43.88 -44.75 -44.77 -43.5 -40.29 -34.38 -24.94 -11.42 5.946 25.71 45.39 62.47 75.5 84.28 89.46 92.23 94.56 100.2 116.4 147.8 179.2 194.9 199.6 200 199.2 198 195.6 188.8 170.9 137.5 103.9 85.46 77.46 72.73 67.45 59.66 48.13 32.2 12.05 -10.88 -34.1 -55.16 -72.6 -86.22 -96.56 -104.4 -110.6 -115.5 -119.5 -122.6 -124.7 -125.4 -123.8 -119 -109.9 -95.01 -72.26 -38.88 8.548 67.38 114.1 132.8 133.7 127.7
-26.04 -27.38 -28.8 -30.33 -31.94 -33.65 -35.43 -37.27 -39.13 -40.95 -42.63 -44.01 -44.89 -44.93 -43.66 -40.47 -34.57 -25.15 -11.65 5.701 25.44 45.09 62.13 75.12 83.85 89 91.88 94.76 102.4 124.3 166.5 208.5 230 236.7 237.8 237.1 235.7 232.7 223.9 200.3 156.1 111.8 87.67 77.67 72.38 67 59.23 47.75 31.86 11.75 -11.15 -34.35 -55.39 -72.81 -86.41 -96.74 -104.6 -110.7 -115.6 -119.6 -122.8 -124.9 -125.5 -123.9 -119.1 -110 -95.1 -72.34 -38.95 8.478 67.31 114.1 132.7 133.6 127.7
-26.09 -27.43 -28.86 -30.38 -32 -33.71 -35.5 -37.35 -39.21 -41.04 -42.72 -44.11 -45 -45.04 -43.78 -40.6 -34.71 -25.29 -11.8 5.537 25.27 44.9 61.93 74.9 83.6 88.75 91.66 94.75 103.1 126.8 172 217.2 240.4 247.9 249.1 248.5 247.1 243.8 234.3 209 161.7 114.2 88.34 77.65 72.16 66.74 58.98 47.52 31.65 11.56 -11.32 -34.52 -55.54 -72.96 -86.55 -96.87 -104.7 -110.8 -115.7 -119.7 -122.9 -125 -125.5 -123.9 -119.2 -110.1 -95.16 -72.4 -39.01 8.424 67.26 114 132.6 133.6 127.7
-26.12 -27.46 -28.89 -30.42 -32.04 -33.76 -35.55 -37.4 -39.26 -41.09 -42.78 -44.17 -45.06 -45.11 -43.85 -40.67 -34.78 -25.37 -11.88 5.455 25.19 44.82 61.85 74.83 83.55 88.69 91.56 94.43 102.1 124 166.1 208.2 229.6 236.4 237.4 236.7 235.4 232.3 223.5 200 155.8 111.4 87.33 77.33 72.05 66.68 58.92 47.45 31.58 11.48 -11.41 -34.6 -55.62 -73.04 -86.63 -96.95 -104.8 -110.9 -115.8 -119.8 -122.9 -125 -125.6 -124 -119.2 -110.1 -95.21 -72.44 -39.05 8.387 67.23 114 132.6 133.5 127.6
-26.14 -27.48 -28.91 -30.44 -32.06 -33.77 -35.57 -37.42 -39.29 -41.11 -42.8 -44.2 -45.08 -45.13 -43.88 -40.69 -34.8 -25.39 -11.89 5.452 25.2 44.85 61.91 74.92 83.67 88.83 91.59 93.89 99.56 115.7 147.1 178.4 194.2 198.9 199.3 198.5 197.3 194.8 188 170.2 136.8 103.2 84.77 76.79 72.08 66.82 59.05 47.54 31.63 11.5 -11.4 -34.61 -55.64 -73.06 -86.65 -96.97 -104.8 -110.9 -115.8 -119.8 -123 -125 -125.6 -124 -119.3 -110.2 -95.23 -72.46 -39.07 8.367 67.21 114 132.6 133.5 127.6
-26.14 -27.48 -28.91 -30.44 -32.06 -33.77 -35.56 -37.41 -39.28 -41.1 -42.79 -44.18 -45.07 -45.11 -43.85 -40.66 -34.77 -25.34 -11.84 5.526 25.29 44.97 62.08 75.15 83.96 89.16 91.8 93.39 96.4 104.6 120.1 135.4 143.2 145.2 144.8 143.9 142.8 141.1 137 127.1 109.7 92.11 81.61 76.29 72.29 67.15 59.34 47.77 31.8 11.63 -11.31 -34.53 -55.58 -73.01 -86.62 -96.95 -104.8 -110.9 -115.8 -119.8 -122.9 -125 -125.6 -124 -119.3 -110.2 -95.23 -72.46 -39.07 8.363 67.2 114 132.6 133.5 127.6
-26.12 -27.46 -28.89 -30.42 -32.04 -33.75 -35.54 -37.38 -39.24 -41.06 -42.74 -44.14 -45.01 -45.05 -43.79 -40.59 -34.68 -25.24 -11.72 5.672 25.47 45.2 62.36 75.5 84.4 89.67 92.24 93.28 94.2 96.57 100.9 105.1 107 106.9 105.9 104.8 103.8 102.8 100.9 96.89 90.55 84.03 79.41 76.18 72.74 67.66 59.78 48.12 32.08 11.85 -11.13 -34.39 -55.46 -72.91 -86.53 -96.87 -104.7 -110.9 -115.8 -119.8 -122.9 -125 -125.6 -124 -119.2 -110.1 -95.21 -72.45 -39.05 8.377 67.21 114 132.6 133.5 127.6
-26.09 -27.43 -28.86 -30.38 -31.99 -33.7 -35.48 -37.32 -39.18 -40.99 -42.67 -44.05 -44.92 -44.95 -43.67 -40.46 -34.54 -25.08 -11.53 5.886 25.72 45.5 62.73 75.96 84.96 90.33 92.93 93.72 93.59 93.32 93.24 93.01 92.22 90.97 89.61 88.45 87.58 86.89 86.08 84.78 82.88 80.78 78.8 76.61 73.43 68.32 60.33 48.58 32.45 12.15 -10.88 -34.17 -55.28 -72.75 -86.39 -96.75 -104.6 -110.8 -115.7 -119.7 -122.8 -124.9 -125.5 -123.9 -119.2 -110.1 -95.17 -72.41 -39.02 8.407 67.24 114 132.6 133.5 127.6
-26.05 -27.38 -28.8 -30.32 -31.93 -33.63 -35.41 -37.24 -39.09 -40.89 -42.56 -43.93 -44.79 -44.8 -43.51 -40.29 -34.34 -24.86 -11.29 6.163 26.04 45.87 63.17 76.49 85.61 91.1 93.8 94.57 94.13 93.05 91.67 90.13 88.49 86.85 85.38 84.2 83.35 82.78 82.35 81.9 81.31 80.51 79.35 77.47 74.3 69.09 60.98 49.11 32.89 12.53 -10.56 -33.9 -55.04 -72.54 -86.2 -96.57 -104.5 -110.6 -115.5 -119.6 -122.7 -124.8 -125.4 -123.9 -119.1 -110 -95.11 -72.35 -38.97 8.454 67.28 114 132.7 133.6 127.7
-25.99 -27.31 -28.73 -30.24 -31.84 -33.54 -35.3 -37.13 -38.97 -40.76 -42.42 -43.78 -44.62 -44.62 -43.31 -40.07 -34.1 -24.59 -10.99 6.498 26.42 46.31 63.68 77.09 86.32 91.94 94.78 95.65 95.24 94.04 92.43 90.64 88.84 87.16 85.69 84.52 83.66 83.08 82.7 82.41 82.07 81.5 80.45 78.55 75.27 69.93 61.69 49.71 33.4 12.96 -10.18 -33.56 -54.74 -72.27 -85.95 -96.35 -104.3 -110.4 -115.4 -119.4 -122.6 -124.7 -125.3 -123.7 -119 -109.9 -95.02 -72.28 -38.9 8.518 67.34 114.1 132.7 133.6 127.7
-25.92 -27.23 -28.64 -30.14 -31.74 -33.42 -35.18 -36.99 -38.82 -40.6 -42.24 -43.58 -44.41 -44.4 -43.07 -39.8 -33.81 -24.28 -10.64 6.884 26.86 46.8 64.24 77.74 87.07 92.81 95.79 96.81 96.53 95.43 93.89 92.16 90.42 88.81 87.39 86.24 85.36 84.73 84.28 83.93 83.53 82.89 81.74 79.71 76.29 70.8 62.44 50.36 33.96 13.45 -9.746 -33.18 -54.39 -71.95 -85.67 -96.09 -104 -110.2 -115.2 -119.2 -122.4 -124.5 -125.2 -123.6 -118.9 -109.8 -94.92 -72.18 -38.81 8.598 67.41 114.2 132.8 133.7 127.7
-25.83 -27.14 -28.54 -30.03 -31.61 -33.28 -35.03 -36.83 -38.64 -40.41 -42.03 -43.36 -44.17 -44.13 -42.78 -39.49 -33.48 -23.92 -10.25 7.318 27.34 47.33 64.84 78.41 87.85 93.7 96.81 97.97 97.83 96.87 95.47 93.86 92.24 90.7 89.35 88.22 87.32 86.63 86.1 85.63 85.11 84.33 83.04 80.86 77.3 71.69 63.22 51.03 34.56 13.99 -9.267 -32.75 -54 -71.59 -85.33 -95.78 -103.7 -109.9 -114.9 -119 -122.2 -124.3 -125 -123.4 -118.7 -109.7 -94.79 -72.07 -38.71 8.694 67.5 114.2 132.8 133.7 127.8
-25.72 -27.02 -28.41 -29.89 -31.47 -33.12 -34.86 -36.64 -38.44 -40.19 -41.79 -43.1 -43.89 -43.83 -42.46 -39.14 -33.1 -23.51 -9.809 7.793 27.85 47.9 65.47 79.11 88.63 94.58 97.8 99.08 99.07 98.25 96.97 95.49 93.96 92.51 91.21 90.09 89.17 88.43 87.82 87.26 86.61 85.71 84.28 81.98 78.29 72.57 64 51.73 35.19 14.55 -8.749 -32.27 -53.56 -71.19 -84.96 -95.43 -103.4 -109.6 -114.7 -118.7 -122 -124.1 -124.8 -123.3 -118.6 -109.5 -94.65 -71.93 -38.58 8.807 67.61 114.3 132.9 133.8 127.9
-25.61 -26.9 -28.27 -29.74 -31.3 -32.94 -34.66 -36.43 -38.21 -39.94 -41.52 -42.81 -43.58 -43.5 -42.1 -38.76 -32.69 -23.07 -9.335 8.302 28.4 48.5 66.12 79.82 89.41 95.44 98.76 100.1 100.2 99.53 98.35 96.97 95.52 94.14 92.87 91.77 90.84 90.06 89.38 88.73 87.99 86.98 85.45 83.04 79.25 73.43 64.78 52.44 35.84 15.15 -8.2 -31.76 -53.08 -70.75 -84.54 -95.05 -103.1 -109.3 -114.3 -118.4 -121.7 -123.9 -124.6 -123 -118.4 -109.4 -94.48 -71.78 -38.44 8.935 67.72 114.4 133 133.9 128
-25.47 -26.75 -28.12 -29.57 -31.11 -32.74 -34.44 -36.19 -37.95 -39.66 -41.22 -42.49 -43.23 -43.13 -41.71 -38.34 -32.24 -22.6 -8.834 8.834 28.97 49.1 66.77 80.53 90.18 96.28 99.67 101.1 101.3 100.7 99.61 98.3 96.92 95.58 94.35 93.26 92.32 91.5 90.78 90.06 89.25 88.15 86.53 84.03 80.16 74.27 65.55 53.15 36.49 15.76 -7.632 -31.23 -52.58 -70.27 -84.1 -94.63 -102.7 -108.9 -114 -118.1 -121.4 -123.6 -124.3 -122.8 -118.2 -109.1 -94.29 -71.61 -38.29 9.08 67.86 114.6 133.1 134 128.1
-25.33 -26.59 -27.94 -29.38 -30.91 -32.52 -34.2 -35.93 -37.67 -39.35 -40.89 -42.13 -42.85 -42.73 -41.28 -37.89 -31.77 -22.11 -8.319 9.374 29.54 49.7 67.41 81.21 90.91 97.07 100.5 102 102.3 101.7 100.7 99.48 98.15 96.86 95.65 94.57 93.62 92.78 92.01 91.25 90.37 89.21 87.51 84.95 81.01 75.05 66.28 53.83 37.13 16.36 -7.064 -30.69 -52.07 -69.78 -83.63 -94.18 -102.2 -108.5 -113.6 -117.8 -121.1 -123.3 -124 -122.5 -117.9 -108.9 -94.09 -71.42 -38.11 9.24 68 114.7 133.3 134.1 128.2
-25.17 -26.42 -27.75 -29.18 -30.68 -32.27 -33.93 -35.64 -37.36 -39.02 -40.54 -41.75 -42.45 -42.3 -40.83 -37.43 -31.29 -21.61 -7.808 9.899 30.08 50.26 67.99 81.83 91.56 97.77 101.3 102.9 103.2 102.7 101.7 100.5 99.22 97.96 96.77 95.69 94.73 93.88 93.08 92.28 91.35 90.13 88.38 85.75 81.76 75.76 66.93 54.45 37.71 16.92 -6.523 -30.16 -51.56 -69.28 -83.15 -93.71 -101.8 -108.1 -113.2 -117.4 -120.7 -123 -123.7 -122.3 -117.6 -108.7 -93.86 -71.21 -37.92 9.415 68.16 114.8 133.4 134.2 128.3
-25 -26.23 -27.55 -28.95 -30.44 -32.01 -33.65 -35.33 -37.02 -38.66 -40.15 -41.35 -42.02 -41.85 -40.37 -36.95 -30.81 -21.13 -7.331 10.37 30.55 50.74 68.47 82.32 92.08 98.32 101.9 103.5 103.9 103.4 102.5 101.3 100.1 98.85 97.68 96.61 95.65 94.78 93.95 93.11 92.14 90.87 89.08 86.4 82.36 76.31 67.45 54.94 38.19 17.39 -6.051 -29.69 -51.08 -68.8 -82.67 -93.24 -101.3 -107.7 -112.8 -117 -120.3 -122.6 -123.4 -121.9 -117.4 -108.4 -93.62 -70.99 -37.71 9.605 68.34 115 133.5 134.4 128.4
-24.81 -26.03 -27.33 -28.71 -30.18 -31.73 -33.34 -35 -36.67 -38.28 -39.75 -40.92 -41.58 -41.4 -39.91 -36.49 -30.36 -20.7 -6.929 10.74 30.89 51.05 68.76 82.61 92.38 98.64 102.2 103.9 104.3 103.9 103 101.9 100.7 99.49 98.33 97.27 96.3 95.41 94.56 93.69 92.68 91.36 89.52 86.79 82.71 76.63 67.75 55.23 38.48 17.7 -5.713 -29.32 -50.67 -68.37 -82.22 -92.78 -100.9 -107.2 -112.3 -116.6 -119.9 -122.2 -123 -121.6 -117 -108.1 -93.35 -70.74 -37.49 9.81 68.53 115.2 133.7 134.5 128.5
-24.61 -25.81 -27.09 -28.46 -29.9 -31.42 -33.01 -34.65 -36.29 -37.88 -39.32 -40.48 -41.12 -40.93 -39.46 -36.06 -29.97 -20.36 -6.665 10.93 30.99 51.08 68.74 82.54 92.3 98.57 102.2 103.9 104.4 104 103.2 102.1 100.9 99.75 98.61 97.55 96.57 95.67 94.8 93.89 92.83 91.47 89.57 86.8 82.68 76.57 67.67 55.17 38.46 17.73 -5.608 -29.13 -50.41 -68.04 -81.82 -92.35 -100.4 -106.7 -111.9 -116.1 -119.5 -121.8 -122.6 -121.3 -116.7 -107.8 -93.07 -70.48 -37.25 10.03 68.73 115.4 133.9 134.7 128.7
-24.4 -25.58 -26.84 -28.18 -29.61 -31.1 -32.67 -34.27 -35.89 -37.46 -38.88 -40.02 -40.66 -40.49 -39.04 -35.7 -29.69 -20.19 -6.625 10.81 30.72 50.66 68.2 81.92 91.64 97.91 101.5 103.3 103.8 103.6 102.8 101.8 100.6 99.47 98.34 97.29 96.31 95.39 94.49 93.54 92.43 91.01 89.05 86.22 82.04 75.9 67.01 54.55 37.92 17.31 -5.879 -29.24 -50.37 -67.86 -81.54 -91.98 -99.99 -106.3 -111.4 -115.6 -119 -121.4 -122.2 -120.9 -116.4 -107.5 -92.77 -70.21 -37 10.26 68.94 115.6 134.1 134.8 128.8
-24.18 -25.34 -26.58 -27.9 -29.29 -30.77 -32.3 -33.88 -35.47 -37.02 -38.42 -39.56 -40.21 -40.06 -38.67 -35.43 -29.56 -20.25 -6.928 10.24 29.86 49.54 66.86 80.44 90.08 96.33 100 101.8 102.5 102.3 101.6 100.6 99.53 98.41 97.31 96.26 95.28 94.33 93.39 92.39 91.22 89.72 87.67 84.75 80.5 74.33 65.45 53.06 36.59 16.2 -6.735 -29.82 -50.67 -67.92 -81.41 -91.7 -99.62 -105.9 -111 -115.2 -118.6 -120.9 -121.8 -120.5 -116 -107.2 -92.46 -69.92 -36.73 10.51 69.17 115.8 134.2 135 129
-23.95 -25.09 -26.3 -27.6 -28.97 -30.41 -31.92 -33.47 -35.04 -36.56 -37.96 -39.09 -39.76 -39.67 -38.38 -35.29 -29.65 -20.66 -7.725 8.987 28.14 47.37 64.33 77.67 87.18 93.42 97.17 99.12 99.86 99.79 99.23 98.36 97.35 96.27 95.2 94.16 93.17 92.2 91.21 90.13 88.87 87.25 85.07 82.02 77.66 71.42 62.56 50.29 34.06 14.03 -8.457 -31.07 -51.46 -68.32 -81.5 -91.56 -99.32 -105.5 -110.5 -114.7 -118.1 -120.5 -121.4 -120.1 -115.6 -106.8 -92.13 -69.62 -36.45 10.76 69.4 116 134.4 135.2 129.2
-23.7 -24.82 -26.02 -27.28 -28.63 -30.04 -31.52 -33.05 -34.59 -36.1 -37.48 -38.63 -39.34 -39.33 -38.18 -35.32 -30.03 -21.51 -9.189 6.804 25.19 43.72 60.11 73.07 82.42 88.68 92.55 94.7 95.65 95.79 95.39 94.66 93.74 92.74 91.7 90.68 89.67 88.66 87.61 86.43 85.03 83.25 80.87 77.6 73.05 66.67 57.8 45.7 29.84 10.38 -11.4 -33.25 -52.93 -69.17 -81.87 -91.6 -99.12 -105.1 -110.1 -114.2 -117.6 -120 -120.9 -119.6 -115.2 -106.4 -91.79 -69.3 -36.16 11.03 69.65 116.2 134.7 135.4 129.3
-23.45 -24.55 -25.72 -26.96 -28.27 -29.66 -31.11 -32.61 -34.13 -35.62 -37 -38.17 -38.93 -39.04 -38.08 -35.55 -30.74 -22.9 -11.48 3.43 20.66 38.11 53.66 66.1 75.26 81.6 85.73 88.23 89.53 89.98 89.84 89.3 88.52 87.6 86.62 85.61 84.58 83.52 82.38 81.07 79.48 77.44 74.75 71.13 66.24 59.6 50.64 38.73 23.39 4.771 -15.93 -36.62 -55.21 -70.56 -82.57 -91.82 -99.02 -104.8 -109.7 -113.8 -117.1 -119.5 -120.5 -119.2 -114.8 -106 -91.43 -68.97 -35.86 11.31 69.91 116.4 134.9 135.6 129.5
-23.19 -24.26 -25.41 -26.62 -27.91 -29.27 -30.69 -32.16 -33.65 -35.13 -36.52 -37.71 -38.55 -38.79 -38.09 -35.96 -31.78 -24.86 -14.68 -1.288 14.29 30.21 44.61 56.4 65.43 72.02 76.66 79.74 81.6 82.52 82.74 82.46 81.86 81.06 80.14 79.16 78.11 76.99 75.73 74.24 72.38 69.98 66.82 62.64 57.16 50.02 40.81 29.03 14.34 -3.12 -22.29 -41.33 -58.41 -72.52 -83.61 -92.23 -99.03 -104.6 -109.3 -113.3 -116.7 -119 -120 -118.7 -114.4 -105.6 -91.06 -68.63 -35.54 11.6 70.17 116.7 135.1 135.8 129.7
-22.92 -23.97 -25.09 -26.27 -27.53 -28.86 -30.25 -31.7 -33.17 -34.63 -36.02 -37.25 -38.18 -38.59 -38.18 -36.53 -33.1 -27.3 -18.67 -7.231 6.222 20.19 33.17 44.28 53.34 60.52 66.03 70.05 72.76 74.36 75.08 75.16 74.79 74.14 73.3 72.34 71.27 70.06 68.66 66.93 64.72 61.82 57.98 52.96 46.54 38.52 28.73 16.92 2.907 -13.14 -30.36 -47.28 -62.4 -74.96 -84.93 -92.79 -99.11 -104.4 -108.9 -112.9 -116.2 -118.5 -119.5 -118.3 -113.9 -105.2 -90.68 -68.27 -35.22 11.9 70.45 116.9 135.3 136 129.9
-22.65 -23.67 -24.76 -25.92 -27.15 -28.44 -29.81 -31.22 -32.67 -34.12 -35.51 -36.78 -37.8 -38.39 -38.29 -37.16 -34.56 -30.01 -23.13 -13.88 -2.84 8.961 20.46 31.03 40.47 48.71 55.62 61.04 64.94 67.45 68.83 69.35 69.28 68.8 68.06 67.12 66.02 64.73 63.14 61.13 58.48 54.92 50.17 43.95 36.13 26.72 15.86 3.668 -9.801 -24.37 -39.42 -53.92 -66.85 -77.66 -86.39 -93.42 -99.22 -104.2 -108.5 -112.4 -115.6 -118 -119 -117.8 -113.5 -104.8 -90.29 -67.91 -34.89 12.21 70.73 117.2 135.6 136.2 130.1
