MatLab_Code/cuboid.grd
DSAA
101 101
0 10
0 10
-125.629127 249.10291
[rows 0 to 32 of 101, columns 0 to 74 of 101]
-16.23 -16.72 -17.23 -17.77 -18.32 -18.9 -19.5 -20.12 -20.76 -21.42 -22.11 -22.81 -23.54 -24.28 -25.05 -25.83 -26.63 -27.44 -28.26 -29.1 -29.95 -30.81 -31.68 -32.56 -33.45 -34.34 -35.24 -36.14 -37.06 -37.98 -38.9 -39.84 -40.78 -41.74 -42.72 -43.71 -44.73 -45.78 -46.87 -48 -49.17 -50.41 -51.72 -53.1 -54.58 -56.17 -57.88 -59.72 -61.73 -63.91 -66.28 -68.88 -71.7 -74.79 -78.14 -81.76 -85.62 -89.7 -93.89 -98.02 -101.8 -104.9 -106.6 -106.2 -102.7 -94.77 -80.95 -59.24 -26.82 19.71 77.72 123.7 141.7 141.9 135.5
-16.49 -17 -17.54 -18.09 -18.67 -19.27 -19.9 -20.55 -21.22 -21.91 -22.63 -23.37 -24.13 -24.91 -25.71 -26.53 -27.36 -28.21 -29.07 -29.95 -30.83 -31.73 -32.63 -33.54 -34.45 -35.38 -36.31 -37.24 -38.17 -39.11 -40.06 -41.01 -41.97 -42.94 -43.92 -44.92 -45.94 -46.98 -48.06 -49.17 -50.34 -51.55 -52.84 -54.2 -55.66 -57.21 -58.89 -60.71 -62.68 -64.83 -67.17 -69.73 -72.53 -75.58 -78.89 -82.47 -86.31 -90.35 -94.5 -98.6 -102.4 -105.4 -107.1 -106.7 -103.1 -95.17 -81.33 -59.59 -27.15 19.4 77.43 123.4 141.4 141.7 135.2
-16.76 -17.3 -17.85 -18.43 -19.03 -19.66 -20.32 -20.99 -21.7 -22.43 -23.18 -23.95 -24.75 -25.57 -26.41 -27.26 -28.13 -29.02 -29.91 -30.82 -31.74 -32.66 -33.6 -34.54 -35.49 -36.44 -37.39 -38.35 -39.32 -40.28 -41.24 -42.21 -43.19 -44.17 -45.15 -46.15 -47.17 -48.21 -49.28 -50.38 -51.52 -52.72 -53.99 -55.32 -56.75 -58.28 -59.93 -61.72 -63.66 -65.78 -68.09 -70.62 -73.38 -76.4 -79.68 -83.22 -87.02 -91.02 -95.14 -99.2 -102.9 -105.9 -107.6 -107.2 -103.6 -95.58 -81.71 -59.95 -27.49 19.08 77.13 123.2 141.1 141.4 135
-17.04 -17.6 -18.18 -18.78 -19.41 -20.07 -20.75 -21.46 -22.2 -22.96 -23.75 -24.56 -25.4 -26.26 -27.13 -28.02 -28.92 -29.84 -30.77 -31.71 -32.65 -33.61 -34.57 -35.53 -36.51 -37.49 -38.47 -39.46 -40.44 -41.43 -42.42 -43.4 -44.39 -45.38 -46.38 -47.38 -48.39 -49.43 -50.48 -51.57 -52.7 -53.88 -55.12 -56.43 -57.84 -59.34 -60.97 -62.73 -64.64 -66.73 -69.02 -71.52 -74.25 -77.24 -80.48 -84 -87.76 -91.72 -95.8 -99.83 -103.5 -106.5 -108.1 -107.6 -104 -96.01 -82.11 -60.33 -27.84 18.75 76.82 122.9 140.9 141.2 134.7
-17.33 -17.91 -18.51 -19.14 -19.8 -20.49 -21.2 -21.95 -22.72 -23.52 -24.35 -25.2 -26.07 -26.96 -27.87 -28.8 -29.73 -30.67 -31.62 -32.58 -33.54 -34.51 -35.49 -36.48 -37.47 -38.47 -39.48 -40.49 -41.5 -42.51 -43.52 -44.52 -45.52 -46.52 -47.53 -48.53 -49.54 -50.57 -51.62 -52.69 -53.8 -54.96 -56.18 -57.47 -58.85 -60.34 -61.94 -63.68 -65.58 -67.65 -69.92 -72.4 -75.12 -78.08 -81.3 -84.79 -88.52 -92.45 -96.49 -100.5 -104.1 -107.1 -108.7 -108.1 -104.5 -96.45 -82.52 -60.71 -28.2 18.42 76.51 122.6 140.6 140.9 134.5
-17.63 -18.23 -18.85 -19.51 -20.2 -20.92 -21.67 -22.45 -23.26 -24.09 -24.96 -25.85 -26.76 -27.69 -28.63 -29.57 -30.53 -31.48 -32.44 -33.4 -34.36 -35.33 -36.31 -37.3 -38.3 -39.31 -40.33 -41.36 -42.39 -43.42 -44.45 -45.47 -46.49 -47.5 -48.51 -49.52 -50.53 -51.55 -52.58 -53.64 -54.74 -55.88 -57.08 -58.35 -59.71 -61.18 -62.77 -64.51 -66.4 -68.48 -70.75 -73.23 -75.95 -78.9 -82.11 -85.58 -89.29 -93.19 -97.2 -101.1 -104.8 -107.7 -109.2 -108.7 -105 -96.91 -82.95 -61.1 -28.57 18.08 76.19 122.3 140.3 140.7 134.3
-17.93 -18.55 -19.21 -19.89 -20.61 -21.36 -22.15 -22.96 -23.81 -24.69 -25.59 -26.52 -27.46 -28.42 -29.38 -30.34 -31.29 -32.24 -33.18 -34.11 -35.03 -35.97 -36.91 -37.88 -38.86 -39.87 -40.89 -41.93 -42.97 -44.02 -45.06 -46.1 -47.13 -48.16 -49.17 -50.18 -51.19 -52.21 -53.23 -54.28 -55.36 -56.48 -57.66 -58.92 -60.28 -61.74 -63.34 -65.1 -67.02 -69.13 -71.43 -73.95 -76.7 -79.67 -82.89 -86.36 -90.05 -93.94 -97.92 -101.8 -105.4 -108.3 -109.8 -109.2 -105.5 -97.37 -83.38 -61.51 -28.94 17.73 75.86 122 140 140.4 134
-18.24 -18.89 -19.57 -20.29 -21.04 -21.82 -22.64 -23.5 -24.38 -25.3 -26.24 -27.2 -28.17 -29.15 -30.11 -31.06 -31.99 -32.89 -33.76 -34.61 -35.45 -36.29 -37.15 -38.04 -38.97 -39.94 -40.94 -41.98 -43.02 -44.08 -45.14 -46.19 -47.24 -48.27 -49.29 -50.31 -51.32 -52.32 -53.34 -54.37 -55.44 -56.55 -57.72 -58.98 -60.34 -61.82 -63.46 -65.27 -67.26 -69.46 -71.86 -74.47 -77.29 -80.34 -83.61 -87.1 -90.8 -94.68 -98.64 -102.5 -106.1 -108.9 -110.4 -109.8 -106 -97.85 -83.83 -61.92 -29.33 17.37 75.53 121.7 139.7 140.1 133.8
-18.55 -19.23 -19.94 -20.69 -21.47 -22.29 -23.15 -24.04 -24.97 -25.92 -26.9 -27.88 -28.88 -29.86 -30.81 -31.72 -32.57 -33.37 -34.1 -34.78 -35.43 -36.09 -36.78 -37.53 -38.35 -39.24 -40.19 -41.19 -42.23 -43.29 -44.36 -45.42 -46.48 -47.52 -48.55 -49.57 -50.57 -51.57 -52.58 -53.6 -54.66 -55.76 -56.93 -58.2 -59.59 -61.13 -62.85 -64.77 -66.91 -69.27 -71.85 -74.65 -77.64 -80.82 -84.2 -87.77 -91.51 -95.4 -99.36 -103.2 -106.8 -109.5 -111 -110.3 -106.5 -98.34 -84.28 -62.34 -29.72 17.01 75.19 121.4 139.4 139.9 133.5
-18.87 -19.58 -20.32 -21.09 -21.91 -22.77 -23.66 -24.6 -25.56 -26.55 -27.56 -28.57 -29.57 -30.53 -31.44 -32.26 -32.98 -33.58 -34.05 -34.43 -34.76 -35.09 -35.48 -35.97 -36.59 -37.33 -38.18 -39.12 -40.13 -41.18 -42.25 -43.32 -44.38 -45.44 -46.47 -47.49 -48.49 -49.49 -50.49 -51.5 -52.55 -53.65 -54.84 -56.13 -57.58 -59.22 -61.09 -63.21 -65.61 -68.28 -71.19 -74.31 -77.61 -81.05 -84.62 -88.32 -92.16 -96.09 -100.1 -103.9 -107.4 -110.2 -111.6 -110.9 -107 -98.84 -84.74 -62.77 -30.11 16.64 74.85 121 139.1 139.6 133.2
-19.2 -19.93 -20.7 -21.51 -22.36 -23.25 -24.19 -25.16 -26.16 -27.19 -28.22 -29.25 -30.24 -31.16 -31.98 -32.66 -33.14 -33.41 -33.47 -33.34 -33.12 -32.89 -32.77 -32.84 -33.12 -33.62 -34.31 -35.15 -36.1 -37.12 -38.18 -39.26 -40.33 -41.39 -42.43 -43.45 -44.45 -45.45 -46.44 -47.45 -48.49 -49.6 -50.81 -52.17 -53.72 -55.52 -57.63 -60.09 -62.91 -66.09 -69.56 -73.23 -77.03 -80.89 -84.79 -88.73 -92.71 -96.74 -100.8 -104.6 -108.1 -110.8 -112.2 -111.5 -107.6 -99.34 -85.21 -63.2 -30.52 16.27 74.51 120.7 138.8 139.3 133
-19.52 -20.28 -21.08 -21.93 -22.82 -23.75 -24.72 -25.73 -26.77 -27.83 -28.88 -29.91 -30.88 -31.73 -32.41 -32.86 -32.99 -32.75 -32.15 -31.22 -30.11 -29 -28.07 -27.47 -27.24 -27.37 -27.82 -28.51 -29.38 -30.35 -31.39 -32.46 -33.54 -34.61 -35.65 -36.67 -37.67 -38.66 -39.65 -40.65 -41.7 -42.83 -44.09 -45.53 -47.24 -49.28 -51.75 -54.72 -58.22 -62.2 -66.56 -71.12 -75.72 -80.25 -84.65 -88.94 -93.16 -97.32 -101.4 -105.3 -108.8 -111.5 -112.8 -112.1 -108.1 -99.85 -85.68 -63.64 -30.92 15.89 74.16 120.4 138.6 139 132.7
-19.85 -20.64 -21.47 -22.35 -23.28 -24.25 -25.26 -26.31 -27.38 -28.47 -29.54 -30.56 -31.48 -32.23 -32.72 -32.84 -32.47 -31.51 -29.92 -27.78 -25.32 -22.86 -20.72 -19.13 -18.17 -17.79 -17.9 -18.39 -19.13 -20.04 -21.05 -22.11 -23.19 -24.26 -25.31 -26.33 -27.33 -28.31 -29.3 -30.3 -31.36 -32.53 -33.85 -35.41 -37.32 -39.7 -42.69 -46.39 -50.87 -56.07 -61.78 -67.69 -73.5 -79.01 -84.14 -88.93 -93.47 -97.83 -102 -106 -109.5 -112.2 -113.5 -112.7 -108.7 -100.4 -86.16 -64.08 -31.33 15.51 73.81 120.1 138.3 138.7 132.5
-20.18 -21 -21.86 -22.78 -23.74 -24.75 -25.8 -26.88 -27.99 -29.11 -30.19 -31.19 -32.05 -32.66 -32.9 -32.6 -31.57 -29.63 -26.69 -22.86 -18.47 -14.09 -10.25 -7.304 -5.355 -4.31 -3.99 -4.208 -4.796 -5.624 -6.595 -7.64 -8.713 -9.784 -10.84 -11.86 -12.86 -13.84 -14.82 -15.83 -16.91 -18.11 -19.52 -21.24 -23.41 -26.23 -29.88 -34.58 -40.41 -47.31 -54.94 -62.77 -70.28 -77.14 -83.25 -88.7 -93.67 -98.27 -102.6 -106.6 -110.1 -112.8 -114.1 -113.2 -109.2 -100.9 -86.64 -64.53 -31.74 15.14 73.46 119.7 138 138.5 132.2
-20.51 -21.36 -22.26 -23.2 -24.2 -25.25 -26.34 -27.46 -28.61 -29.74 -30.83 -31.81 -32.59 -33.04 -32.98 -32.18 -30.34 -27.2 -22.56 -16.55 -9.669 -2.79 3.233 7.879 11.04 12.9 13.73 13.83 13.42 12.69 11.76 10.74 9.67 8.598 7.544 6.517 5.519 4.539 3.557 2.542 1.445 0.1948 -1.309 -3.209 -5.697 -9.025 -13.49 -19.4 -26.94 -36.02 -46.14 -56.47 -66.16 -74.72 -82.04 -88.29 -93.76 -98.66 -103.2 -107.2 -110.8 -113.5 -114.7 -113.8 -109.8 -101.4 -87.12 -64.97 -32.15 14.76 73.11 119.4 137.7 138.2 132
-20.84 -21.72 -22.65 -23.63 -24.66 -25.75 -26.88 -28.04 -29.22 -30.38 -31.47 -32.42 -33.11 -33.38 -33 -31.65 -28.93 -24.44 -17.89 -9.377 0.3681 10.12 18.64 25.21 29.72 32.47 33.86 34.3 34.08 33.46 32.59 31.58 30.52 29.45 28.39 27.36 26.37 25.39 24.41 23.38 22.26 20.96 19.35 17.26 14.43 10.54 5.182 -2.078 -11.54 -23.12 -36.11 -49.31 -61.5 -71.97 -80.63 -87.78 -93.79 -99.02 -103.7 -107.9 -111.4 -114.1 -115.4 -114.4 -110.4 -101.9 -87.6 -65.41 -32.56 14.38 72.76 119.1 137.4 137.9 131.7
-21.17 -22.08 -23.04 -24.05 -25.13 -26.25 -27.42 -28.62 -29.83 -31.01 -32.11 -33.03 -33.63 -33.73 -33.02 -31.12 -27.52 -21.68 -13.21 -2.207 10.41 23.02 34.04 42.53 48.4 52.04 54 54.76 54.74 54.22 53.4 52.42 51.37 50.29 49.23 48.2 47.21 46.23 45.25 44.22 43.08 41.73 40.01 37.72 34.56 30.11 23.86 15.24 3.855 -10.22 -26.08 -42.15 -56.83 -69.22 -79.23 -87.26 -93.82 -99.37 -104.2 -108.5 -112.1 -114.8 -116 -115 -110.9 -102.4 -88.07 -65.85 -32.96 14.01 72.42 118.8 137.1 137.6 131.4
-21.49 -22.43 -23.42 -24.47 -25.58 -26.74 -27.95 -29.19 -30.43 -31.64 -32.74 -33.64 -34.17 -34.1 -33.1 -30.69 -26.29 -19.25 -9.076 4.104 19.21 34.32 47.52 57.71 64.79 69.24 71.71 72.79 72.95 72.52 71.75 70.79 69.73 68.66 67.6 66.57 65.57 64.6 63.62 62.58 61.42 60.02 58.21 55.74 52.27 47.31 40.24 30.42 17.33 1.072 -17.29 -35.84 -52.7 -66.79 -78.01 -86.84 -93.9 -99.76 -104.8 -109.1 -112.7 -115.4 -116.6 -115.6 -111.5 -102.9 -88.54 -66.29 -33.36 13.64 72.08 118.5 136.8 137.4 131.2
-21.81 -22.78 -23.8 -24.89 -26.03 -27.23 -28.48 -29.76 -31.04 -32.27 -33.38 -34.26 -34.72 -34.52 -33.27 -30.45 -25.38 -17.36 -5.843 9.034 26.06 43.09 57.98 69.53 77.6 82.72 85.61 86.95 87.26 86.92 86.18 85.23 84.18 83.1 82.03 81 80.01 79.04 78.06 77.03 75.85 74.41 72.52 69.9 66.16 60.77 53.04 42.23 27.79 9.835 -10.44 -30.92 -49.48 -64.92 -77.11 -86.6 -94.08 -100.2 -105.3 -109.7 -113.4 -116 -117.2 -116.2 -112 -103.4 -89.01 -66.71 -33.76 13.27 71.74 118.2 136.5 137.1 131
-22.13 -23.12 -24.18 -25.29 -26.48 -27.71 -29 -30.32 -31.63 -32.89 -34.02 -34.89 -35.31 -35 -33.56 -30.41 -24.85 -16.1 -3.607 12.48 30.85 49.23 65.33 77.86 86.66 92.28 95.51 97.05 97.48 97.2 96.49 95.54 94.49 93.41 92.33 91.3 90.31 89.34 88.37 87.34 86.16 84.69 82.74 80 76.06 70.33 62.1 50.55 35.13 15.97 -5.66 -27.49 -47.25 -63.66 -76.59 -86.58 -94.39 -100.7 -105.9 -110.4 -114 -116.7 -117.8 -116.8 -112.5 -103.9 -89.47 -67.14 -34.14 12.92 71.42 117.9 136.2 136.9 130.7
-22.44 -23.46 -24.54 -25.69 -26.91 -28.19 -29.51 -30.87 -32.22 -33.51 -34.66 -35.53 -35.93 -35.55 -33.97 -30.6 -24.68 -15.43 -2.278 14.61 33.86 53.12 70.03 83.22 92.52 98.51 102 103.7 104.2 103.9 103.2 102.3 101.2 100.1 99.05 98.02 97.02 96.06 95.1 94.08 92.89 91.41 89.42 86.6 82.51 76.55 67.96 55.91 39.82 19.86 -2.654 -25.36 -45.93 -63 -76.43 -86.77 -94.81 -101.2 -106.6 -111 -114.7 -117.3 -118.4 -117.3 -113.1 -104.4 -89.91 -67.55 -34.52 12.57 71.09 117.6 135.9 136.6 130.5
-22.74 -23.78 -24.9 -26.08 -27.33 -28.65 -30.01 -31.4 -32.79 -34.12 -35.3 -36.18 -36.58 -36.16 -34.49 -30.97 -24.83 -15.25 -1.68 15.7 35.51 55.32 72.73 86.34 95.97 102.2 105.8 107.6 108.1 107.9 107.2 106.3 105.2 104.1 103 102 101 100 99.07 98.06 96.88 95.4 93.39 90.52 86.34 80.23 71.4 59.02 42.52 22.05 -1.013 -24.27 -45.34 -62.83 -76.58 -87.15 -95.34 -101.9 -107.2 -111.7 -115.3 -117.9 -119 -117.9 -113.6 -104.9 -90.35 -67.95 -34.89 12.23 70.78 117.3 135.7 136.4 130.3
-23.03 -24.1 -25.24 -26.46 -27.74 -29.09 -30.49 -31.93 -33.35 -34.72 -35.93 -36.84 -37.24 -36.81 -35.1 -31.49 -25.21 -15.45 -1.624 16.06 36.18 56.31 74.02 87.88 97.7 104.1 107.8 109.6 110.2 109.9 109.2 108.3 107.2 106.1 105 103.9 102.9 102 101.1 100.1 98.9 97.43 95.41 92.53 88.3 82.09 73.13 60.56 43.8 23.04 -0.3453 -23.93 -45.29 -63.03 -76.97 -87.68 -95.95 -102.5 -107.9 -112.4 -116 -118.5 -119.6 -118.4 -114.1 -105.4 -90.77 -68.34 -35.25 11.9 70.48 117 135.4 136.1 130
-23.31 -24.41 -25.58 -26.82 -28.14 -29.52 -30.96 -32.43 -33.9 -35.3 -36.55 -37.49 -37.91 -37.49 -35.76 -32.12 -25.77 -15.9 -1.945 15.9 36.2 56.5 74.37 88.36 98.28 104.7 108.4 110.3 110.9 110.6 109.9 108.9 107.8 106.7 105.6 104.5 103.5 102.6 101.7 100.7 99.56 98.11 96.11 93.23 88.98 82.74 73.7 61.03 44.15 23.22 -0.3365 -24.09 -45.61 -63.49 -77.54 -88.31 -96.62 -103.2 -108.6 -113 -116.6 -119.1 -120.1 -118.9 -114.5 -105.8 -91.18 -68.72 -35.6 11.58 70.18 116.7 135.2 135.9 129.8
-23.58 -24.7 -25.9 -27.18 -28.52 -29.94 -31.41 -32.92 -34.43 -35.87 -37.15 -38.13 -38.58 -38.17 -36.46 -32.81 -26.44 -16.53 -2.511 15.4 35.78 56.17 74.11 88.16 98.12 104.6 108.3 110.1 110.7 110.4 109.7 108.6 107.5 106.4 105.2 104.2 103.2 102.3 101.4 100.4 99.33 97.91 95.93 93.07 88.84 82.6 73.54 60.83 43.88 22.89 -0.7529 -24.59 -46.19 -64.13 -78.21 -89.01 -97.33 -103.9 -109.2 -113.7 -117.2 -119.7 -120.7 -119.4 -115 -106.2 -91.57 -69.08 -35.93 11.27 69.9 116.5 134.9 135.7 129.6
-23.84 -24.99 -26.21 -27.51 -28.89 -30.34 -31.85 -33.39 -34.93 -36.41 -37.73 -38.75 -39.23 -38.86 -37.17 -33.54 -27.17 -17.26 -3.228 14.71 35.11 55.52 73.48 87.54 97.5 103.9 107.6 109.4 110 109.6 108.8 107.8 106.6 105.4 104.3 103.3 102.3 101.4 100.5 99.58 98.51 97.13 95.19 92.37 88.17 81.95 72.91 60.2 43.25 22.23 -1.43 -25.29 -46.91 -64.86 -78.95 -89.74 -98.05 -104.6 -109.9 -114.3 -117.8 -120.2 -121.2 -119.9 -115.4 -106.6 -91.95 -69.42 -36.25 10.98 69.63 116.2 134.7 135.4 129.4
-24.09 -25.26 -26.5 -27.83 -29.24 -30.72 -32.26 -33.84 -35.42 -36.93 -38.29 -39.35 -39.87 -39.54 -37.88 -34.27 -27.93 -18.04 -4.024 13.9 34.29 54.69 72.62 86.66 96.59 103 106.7 108.4 108.9 108.5 107.7 106.6 105.3 104.1 103 101.9 101 100.1 99.22 98.33 97.31 95.98 94.1 91.33 87.18 81 72 59.32 42.39 21.39 -2.256 -26.11 -47.71 -65.65 -79.72 -90.49 -98.76 -105.3 -110.5 -114.9 -118.4 -120.8 -121.7 -120.4 -115.9 -107 -92.31 -69.75 -36.56 10.7 69.37 116 134.5 135.2 129.2
-24.32 -25.51 -26.78 -28.13 -29.57 -31.08 -32.65 -34.26 -35.87 -37.43 -38.83 -39.92 -40.48 -40.19 -38.57 -35 -28.69 -18.83 -4.853 13.04 33.4 53.76 71.65 85.64 95.52 101.9 105.5 107.2 107.5 107.1 106.2 105.1 103.8 102.6 101.4 100.3 99.35 98.49 97.67 96.83 95.86 94.6 92.78 90.08 85.99 79.88 70.93 58.3 41.42 20.46 -3.155 -26.97 -48.54 -66.45 -80.49 -91.22 -99.45 -105.9 -111.2 -115.5 -118.9 -121.3 -122.1 -120.8 -116.3 -107.4 -92.65 -70.07 -36.85 10.43 69.12 115.7 134.3 135.1 129
-24.55 -25.75 -27.05 -28.42 -29.88 -31.41 -33.01 -34.66 -36.31 -37.9 -39.33 -40.46 -41.06 -40.81 -39.23 -35.7 -29.44 -19.62 -5.681 12.16 32.48 52.79 70.63 84.56 94.38 100.6 104.2 105.8 106.1 105.6 104.6 103.4 102.1 100.8 99.57 98.49 97.54 96.7 95.93 95.15 94.25 93.06 91.32 88.7 84.69 78.66 69.78 57.22 40.39 19.48 -4.078 -27.85 -49.38 -67.24 -81.24 -91.93 -100.1 -106.6 -111.8 -116 -119.4 -121.8 -122.6 -121.2 -116.6 -107.7 -92.97 -70.36 -37.12 10.18 68.89 115.5 134.1 134.9 128.9
-24.75 -25.98 -27.29 -28.69 -30.17 -31.73 -33.36 -35.03 -36.71 -38.33 -39.8 -40.97 -41.61 -41.39 -39.86 -36.37 -30.15 -20.38 -6.488 11.31 31.57 51.82 69.6 83.46 93.19 99.37 102.8 104.3 104.5 103.9 102.8 101.5 100.2 98.81 97.57 96.48 95.54 94.74 94.02 93.31 92.5 91.4 89.77 87.24 83.33 77.39 68.59 56.11 39.35 18.51 -4.994 -28.71 -50.19 -68 -81.96 -92.6 -100.8 -107.1 -112.3 -116.5 -119.9 -122.2 -123 -121.6 -117 -108.1 -93.27 -70.64 -37.37 9.941 68.67 115.3 133.9 134.7 128.7
-24.95 -26.19 -27.52 -28.94 -30.44 -32.02 -33.68 -35.38 -37.08 -38.74 -40.24 -41.44 -42.12 -41.94 -40.44 -37 -30.83 -21.1 -7.259 10.48 30.68 50.87 68.58 82.36 92.01 98.08 101.4 102.8 102.9 102.2 101 99.56 98.09 96.67 95.39 94.29 93.36 92.6 91.95 91.34 90.63 89.65 88.13 85.73 81.94 76.1 67.4 55.01 38.33 17.56 -5.881 -29.54 -50.96 -68.73 -82.63 -93.24 -101.3 -107.7 -112.8 -117 -120.3 -122.6 -123.4 -121.9 -117.3 -108.4 -93.55 -70.9 -37.61 9.72 68.47 115.1 133.7 134.5 128.6
-25.13 -26.39 -27.74 -29.17 -30.69 -32.3 -33.97 -35.7 -37.43 -39.11 -40.64 -41.88 -42.59 -42.45 -40.99 -37.59 -31.45 -21.77 -7.984 9.702 29.84 49.96 67.59 81.28 90.83 96.79 100 101.3 101.2 100.3 99 97.45 95.87 94.38 93.04 91.92 91.01 90.3 89.74 89.23 88.65 87.81 86.44 84.18 80.52 74.81 66.22 53.93 37.34 16.65 -6.726 -30.32 -51.69 -69.41 -83.27 -93.83 -101.9 -108.2 -113.3 -117.5 -120.8 -123 -123.7 -122.3 -117.6 -108.6 -93.8 -71.14 -37.83 9.516 68.28 115 133.5 134.4 128.4
-25.3 -26.57 -27.93 -29.38 -30.92 -32.55 -34.24 -35.99 -37.75 -39.45 -41.01 -42.28 -43.02 -42.91 -41.49 -38.12 -32.03 -22.4 -8.658 8.973 29.05 49.1 66.65 80.24 89.68 95.52 98.59 99.69 99.48 98.45 96.97 95.29 93.59 92 90.61 89.46 88.58 87.93 87.46 87.07 86.62 85.92 84.7 82.6 79.1 73.52 65.07 52.89 36.39 15.78 -7.521 -31.06 -52.37 -70.04 -83.85 -94.37 -102.4 -108.7 -113.7 -117.9 -121.1 -123.3 -124 -122.5 -117.9 -108.9 -94.04 -71.36 -38.04 9.328 68.1 114.8 133.4 134.2 128.3
