MatLab_Code/cuboid.grd
DSAA
101 101
0 10
0 10
-125.629127 249.10291
[rows 66 to 98 of 101, columns 0 to 74 of 101]
-22.36 -23.36 -24.43 -25.56 -26.75 -28.02 -29.35 -30.73 -32.15 -33.59 -34.99 -36.3 -37.41 -38.17 -38.38 -37.77 -35.99 -32.67 -27.5 -20.42 -11.7 -1.938 8.305 18.68 28.97 38.83 47.7 54.99 60.43 64.07 66.24 67.28 67.53 67.25 66.62 65.72 64.58 63.18 61.4 59.05 55.88 51.54 45.65 37.9 28.21 16.84 4.356 -8.685 -21.96 -35.26 -48.28 -60.45 -71.22 -80.31 -87.82 -94.03 -99.31 -103.9 -108.1 -111.9 -115.1 -117.5 -118.5 -117.3 -113 -104.4 -89.89 -67.54 -34.54 12.52 71.02 117.5 135.8 136.5 130.3
-22.08 -23.05 -24.08 -25.18 -26.35 -27.58 -28.88 -30.23 -31.63 -33.05 -34.45 -35.79 -36.98 -37.9 -38.4 -38.25 -37.2 -34.96 -31.28 -26.02 -19.22 -11.05 -1.624 8.975 20.55 32.48 43.7 53.19 60.37 65.29 68.32 69.92 70.52 70.45 69.92 69.06 67.89 66.38 64.39 61.69 57.96 52.76 45.6 36.1 24.21 10.48 -4.06 -18.38 -31.88 -44.37 -55.8 -66.05 -75 -82.6 -89.02 -94.5 -99.31 -103.7 -107.7 -111.4 -114.6 -116.9 -117.9 -116.8 -112.5 -103.9 -89.48 -67.17 -34.2 12.84 71.32 117.7 136.1 136.7 130.5
-21.78 -22.73 -23.74 -24.81 -25.94 -27.14 -28.41 -29.73 -31.1 -32.49 -33.89 -35.25 -36.5 -37.56 -38.29 -38.53 -38.07 -36.69 -34.15 -30.24 -24.8 -17.66 -8.602 2.546 15.6 29.7 43.33 55.02 63.95 70.13 74.01 76.16 77.11 77.24 76.82 75.99 74.79 73.17 70.97 67.94 63.65 57.6 49.18 37.93 23.84 7.707 -9.006 -24.81 -38.86 -50.98 -61.38 -70.27 -77.86 -84.33 -89.89 -94.78 -99.2 -103.3 -107.2 -110.8 -114 -116.4 -117.4 -116.3 -112.1 -103.5 -89.06 -66.78 -33.84 13.17 71.61 118 136.3 136.9 130.8
-21.49 -22.41 -23.39 -24.43 -25.53 -26.69 -27.92 -29.21 -30.55 -31.92 -33.31 -34.68 -35.98 -37.13 -38.04 -38.57 -38.56 -37.8 -36.05 -33.05 -28.47 -21.9 -12.89 -1.095 13.33 29.32 45.02 58.6 69.06 76.33 80.96 83.6 84.85 85.16 84.84 84.03 82.8 81.09 78.71 75.37 70.61 63.8 54.28 41.52 25.53 7.33 -11.28 -28.45 -43.14 -55.22 -65.04 -73.08 -79.77 -85.44 -90.37 -94.82 -98.95 -102.9 -106.7 -110.3 -113.4 -115.8 -116.8 -115.8 -111.6 -103 -88.64 -66.39 -33.49 13.5 71.92 118.3 136.6 137.2 131
-21.19 -22.08 -23.03 -24.04 -25.11 -26.24 -27.44 -28.69 -29.99 -31.34 -32.71 -34.08 -35.4 -36.62 -37.66 -38.39 -38.69 -38.35 -37.12 -34.69 -30.61 -24.34 -15.26 -2.923 12.53 29.89 47.09 62.06 73.64 81.75 86.94 89.96 91.45 91.91 91.66 90.88 89.62 87.84 85.32 81.74 76.59 69.22 58.87 44.98 27.61 7.907 -12.08 -30.27 -45.51 -57.65 -67.18 -74.71 -80.83 -85.98 -90.5 -94.63 -98.56 -102.4 -106.1 -109.7 -112.8 -115.2 -116.3 -115.2 -111.1 -102.6 -88.22 -66 -33.12 13.83 72.23 118.6 136.8 137.4 131.2
-20.89 -21.76 -22.68 -23.66 -24.69 -25.79 -26.94 -28.16 -29.43 -30.74 -32.09 -33.45 -34.78 -36.03 -37.15 -38.02 -38.52 -38.45 -37.56 -35.48 -31.72 -25.64 -16.53 -3.892 12.13 30.28 48.35 64.12 76.37 84.99 90.54 93.8 95.44 95.99 95.79 95.03 93.76 91.92 89.31 85.58 80.19 72.46 61.61 47.04 28.87 8.301 -12.47 -31.24 -46.78 -58.94 -68.28 -75.49 -81.26 -86.07 -90.32 -94.25 -98.05 -101.8 -105.5 -109 -112.2 -114.6 -115.7 -114.7 -110.6 -102.1 -87.79 -65.61 -32.76 14.17 72.54 118.9 137.1 137.7 131.4
-20.59 -21.43 -22.32 -23.27 -24.27 -25.33 -26.45 -27.63 -28.86 -30.14 -31.46 -32.79 -34.11 -35.38 -36.54 -37.5 -38.12 -38.23 -37.56 -35.73 -32.22 -26.34 -17.37 -4.743 11.38 29.72 48.02 64.03 76.49 85.27 90.95 94.29 96 96.59 96.41 95.65 94.38 92.52 89.87 86.08 80.6 72.75 61.72 46.95 28.54 7.736 -13.22 -32.09 -47.61 -59.65 -68.77 -75.74 -81.26 -85.85 -89.92 -93.72 -97.43 -101.1 -104.8 -108.4 -111.5 -114 -115.1 -114.2 -110.1 -101.6 -87.36 -65.21 -32.39 14.5 72.85 119.2 137.4 137.9 131.6
-20.28 -21.1 -21.96 -22.88 -23.85 -24.88 -25.96 -27.1 -28.29 -29.53 -30.81 -32.12 -33.42 -34.69 -35.86 -36.86 -37.57 -37.81 -37.31 -35.7 -32.45 -26.88 -18.25 -6.011 9.698 27.62 45.53 61.22 73.43 82.03 87.59 90.87 92.54 93.1 92.92 92.16 90.89 89.03 86.41 82.65 77.25 69.51 58.66 44.14 26.06 5.642 -14.89 -33.35 -48.49 -60.18 -69 -75.71 -81 -85.42 -89.36 -93.09 -96.75 -100.4 -104.1 -107.7 -110.9 -113.4 -114.6 -113.6 -109.6 -101.2 -86.93 -64.81 -32.03 14.84 73.16 119.4 137.6 138.1 131.9
-19.98 -20.77 -21.61 -22.49 -23.43 -24.42 -25.47 -26.56 -27.72 -28.92 -30.16 -31.43 -32.71 -33.96 -35.14 -36.16 -36.93 -37.26 -36.92 -35.54 -32.62 -27.51 -19.5 -8.06 6.685 23.55 40.41 55.18 66.67 74.75 79.96 83.01 84.54 85.03 84.81 84.04 82.78 80.96 78.41 74.79 69.61 62.23 51.91 38.11 20.94 1.571 -17.91 -35.4 -49.73 -60.81 -69.17 -75.55 -80.61 -84.87 -88.71 -92.38 -96.02 -99.69 -103.4 -107 -110.2 -112.8 -114 -113.1 -109.1 -100.7 -86.5 -64.42 -31.66 15.18 73.47 119.7 137.9 138.4 132.1
-19.68 -20.45 -21.25 -22.11 -23.01 -23.97 -24.98 -26.03 -27.15 -28.31 -29.51 -30.74 -31.98 -33.21 -34.38 -35.42 -36.23 -36.66 -36.48 -35.37 -32.86 -28.38 -21.28 -11.07 2.119 17.23 32.36 45.6 55.88 63.11 67.74 70.43 71.74 72.1 71.81 71.02 69.78 68.04 65.61 62.21 57.4 50.59 41.13 28.53 12.89 -4.741 -22.47 -38.41 -51.5 -61.67 -69.41 -75.37 -80.17 -84.27 -88.01 -91.63 -95.25 -98.94 -102.7 -106.3 -109.6 -112.1 -113.4 -112.5 -108.6 -100.3 -86.07 -64.02 -31.3 15.52 73.78 120 138.2 138.6 132.3
-19.38 -20.12 -20.9 -21.73 -22.6 -23.52 -24.49 -25.51 -26.58 -27.7 -28.86 -30.05 -31.26 -32.46 -33.61 -34.66 -35.51 -36.04 -36.03 -35.22 -33.22 -29.51 -23.57 -15 -3.903 8.813 21.55 32.7 41.37 47.45 51.33 53.53 54.55 54.75 54.38 53.56 52.35 50.69 48.43 45.32 40.99 34.93 26.62 15.64 2.081 -13.15 -28.49 -42.33 -53.79 -62.8 -69.75 -75.22 -79.71 -83.63 -87.28 -90.86 -94.48 -98.17 -101.9 -105.6 -108.9 -111.5 -112.8 -112 -108.1 -99.8 -85.65 -63.63 -30.93 15.85 74.09 120.3 138.4 138.9 132.6
-19.09 -19.8 -20.56 -21.35 -22.19 -23.08 -24.01 -24.99 -26.02 -27.09 -28.21 -29.36 -30.53 -31.7 -32.83 -33.89 -34.78 -35.4 -35.58 -35.1 -33.64 -30.8 -26.19 -19.5 -10.85 -0.9543 8.965 17.68 24.46 29.22 32.22 33.88 34.57 34.58 34.11 33.26 32.08 30.51 28.45 25.67 21.89 16.7 9.708 0.6095 -10.5 -22.92 -35.43 -46.83 -56.41 -64.09 -70.17 -75.09 -79.25 -82.99 -86.55 -90.08 -93.69 -97.41 -101.2 -104.9 -108.3 -110.9 -112.2 -111.5 -107.6 -99.35 -85.23 -63.24 -30.58 16.18 74.4 120.6 138.7 139.1 132.8
-18.8 -19.49 -20.21 -20.98 -21.79 -22.64 -23.54 -24.48 -25.47 -26.5 -27.57 -28.68 -29.81 -30.95 -32.06 -33.12 -34.04 -34.75 -35.12 -34.97 -34.05 -32.1 -28.82 -24.04 -17.86 -10.81 -3.736 2.499 7.377 10.79 12.9 14 14.35 14.16 13.58 12.71 11.55 10.09 8.222 5.789 2.567 -1.725 -7.375 -14.56 -23.2 -32.77 -42.44 -51.36 -59.03 -65.38 -70.58 -74.95 -78.79 -82.34 -85.8 -89.3 -92.91 -96.65 -100.5 -104.2 -107.6 -110.3 -111.7 -111 -107.1 -98.9 -84.82 -62.86 -30.22 16.51 74.71 120.9 139 139.4 133
-18.51 -19.17 -19.87 -20.61 -21.39 -22.21 -23.07 -23.98 -24.93 -25.92 -26.95 -28.01 -29.1 -30.21 -31.3 -32.35 -33.3 -34.1 -34.63 -34.78 -34.37 -33.22 -31.14 -28.06 -24.06 -19.49 -14.91 -10.86 -7.685 -5.493 -4.196 -3.624 -3.601 -3.978 -4.649 -5.555 -6.678 -8.044 -9.724 -11.83 -14.53 -18 -22.43 -27.92 -34.37 -41.45 -48.63 -55.37 -61.35 -66.49 -70.89 -74.76 -78.29 -81.68 -85.06 -88.53 -92.14 -95.9 -99.74 -103.5 -107 -109.7 -111.1 -110.4 -106.6 -98.46 -84.41 -62.48 -29.87 16.84 75.01 121.2 139.2 139.6 133.3
-18.22 -18.87 -19.54 -20.25 -21 -21.79 -22.62 -23.49 -24.4 -25.35 -26.33 -27.36 -28.41 -29.48 -30.54 -31.58 -32.56 -33.42 -34.1 -34.5 -34.52 -34.03 -32.94 -31.21 -28.91 -26.27 -23.62 -21.28 -19.47 -18.28 -17.67 -17.54 -17.8 -18.34 -19.1 -20.03 -21.13 -22.41 -23.92 -25.75 -28 -30.78 -34.21 -38.33 -43.07 -48.23 -53.48 -58.52 -63.15 -67.3 -71.03 -74.47 -77.75 -80.99 -84.3 -87.75 -91.38 -95.16 -99.04 -102.9 -106.4 -109.1 -110.6 -109.9 -106.2 -98.03 -84.01 -62.11 -29.52 17.16 75.31 121.4 139.5 139.9 133.5
-17.94 -18.56 -19.22 -19.9 -20.62 -21.38 -22.17 -23.01 -23.88 -24.79 -25.74 -26.72 -27.73 -28.76 -29.8 -30.82 -31.81 -32.72 -33.51 -34.11 -34.46 -34.49 -34.13 -33.39 -32.31 -31.03 -29.74 -28.62 -27.82 -27.38 -27.3 -27.54 -28.02 -28.7 -29.53 -30.48 -31.56 -32.77 -34.14 -35.74 -37.63 -39.88 -42.56 -45.68 -49.19 -52.98 -56.87 -60.69 -64.33 -67.75 -70.97 -74.08 -77.15 -80.29 -83.55 -86.99 -90.62 -94.44 -98.35 -102.2 -105.7 -108.6 -110.1 -109.4 -105.7 -97.6 -83.61 -61.74 -29.18 17.47 75.6 121.7 139.7 140.1 133.7
-17.67 -18.27 -18.9 -19.56 -20.25 -20.98 -21.74 -22.54 -23.37 -24.24 -25.15 -26.09 -27.06 -28.06 -29.07 -30.07 -31.06 -32 -32.87 -33.61 -34.2 -34.59 -34.75 -34.68 -34.41 -34.04 -33.65 -33.36 -33.24 -33.33 -33.64 -34.14 -34.8 -35.59 -36.47 -37.44 -38.5 -39.65 -40.92 -42.35 -43.97 -45.84 -47.98 -50.41 -53.1 -55.98 -58.97 -61.98 -64.94 -67.84 -70.7 -73.57 -76.5 -79.56 -82.79 -86.23 -89.88 -93.72 -97.67 -101.6 -105.2 -108 -109.5 -109 -105.3 -97.19 -83.23 -61.38 -28.85 17.79 75.89 122 140 140.3 133.9
-17.4 -17.98 -18.58 -19.22 -19.89 -20.58 -21.32 -22.08 -22.88 -23.72 -24.58 -25.49 -26.42 -27.37 -28.35 -29.33 -30.31 -31.26 -32.17 -33.02 -33.76 -34.39 -34.89 -35.25 -35.51 -35.7 -35.89 -36.12 -36.45 -36.9 -37.47 -38.16 -38.94 -39.8 -40.73 -41.71 -42.75 -43.86 -45.06 -46.36 -47.8 -49.4 -51.19 -53.17 -55.33 -57.64 -60.06 -62.55 -65.07 -67.64 -70.26 -72.96 -75.8 -78.81 -82.03 -85.48 -89.16 -93.03 -97.02 -101 -104.6 -107.5 -109 -108.5 -104.8 -96.78 -82.85 -61.03 -28.52 18.09 76.17 122.2 140.2 140.6 134.1
-17.14 -17.7 -18.28 -18.89 -19.53 -20.2 -20.9 -21.64 -22.4 -23.2 -24.04 -24.9 -25.79 -26.71 -27.65 -28.6 -29.56 -30.52 -31.45 -32.34 -33.18 -33.96 -34.66 -35.3 -35.87 -36.41 -36.94 -37.5 -38.1 -38.78 -39.52 -40.33 -41.19 -42.11 -43.06 -44.06 -45.09 -46.17 -47.31 -48.53 -49.84 -51.28 -52.84 -54.54 -56.38 -58.34 -60.41 -62.58 -64.85 -67.2 -69.67 -72.28 -75.07 -78.05 -81.27 -84.74 -88.45 -92.36 -96.38 -100.4 -104 -106.9 -108.6 -108 -104.4 -96.39 -82.48 -60.69 -28.2 18.39 76.45 122.5 140.5 140.8 134.4
-16.88 -17.42 -17.98 -18.57 -19.19 -19.83 -20.51 -21.21 -21.94 -22.71 -23.5 -24.33 -25.19 -26.07 -26.97 -27.89 -28.83 -29.76 -30.7 -31.61 -32.51 -33.37 -34.19 -34.97 -35.73 -36.46 -37.2 -37.94 -38.72 -39.53 -40.37 -41.26 -42.18 -43.12 -44.09 -45.09 -46.12 -47.18 -48.29 -49.46 -50.7 -52.02 -53.45 -54.98 -56.63 -58.39 -60.27 -62.26 -64.36 -66.6 -68.99 -71.55 -74.31 -77.29 -80.53 -84.02 -87.76 -91.7 -95.76 -99.78 -103.5 -106.4 -108.1 -107.6 -104 -96 -82.12 -60.35 -27.89 18.68 76.73 122.8 140.7 141 134.6
-16.63 -17.15 -17.69 -18.26 -18.86 -19.47 -20.12 -20.8 -21.5 -22.23 -22.99 -23.78 -24.6 -25.44 -26.31 -27.2 -28.11 -29.02 -29.94 -30.86 -31.77 -32.67 -33.55 -34.41 -35.26 -36.11 -36.95 -37.8 -38.66 -39.55 -40.46 -41.38 -42.33 -43.29 -44.28 -45.28 -46.3 -47.35 -48.44 -49.58 -50.77 -52.04 -53.39 -54.83 -56.38 -58.03 -59.8 -61.69 -63.72 -65.89 -68.24 -70.78 -73.54 -76.54 -79.8 -83.32 -87.09 -91.07 -95.17 -99.22 -102.9 -105.9 -107.6 -107.2 -103.6 -95.63 -81.77 -60.03 -27.59 18.97 77 123 141 141.2 134.8
-16.39 -16.89 -17.41 -17.96 -18.53 -19.13 -19.75 -20.4 -21.07 -21.77 -22.5 -23.26 -24.04 -24.85 -25.68 -26.53 -27.4 -28.29 -29.19 -30.09 -31 -31.91 -32.81 -33.71 -34.6 -35.49 -36.39 -37.29 -38.2 -39.12 -40.06 -41 -41.96 -42.94 -43.92 -44.93 -45.95 -46.99 -48.08 -49.2 -50.37 -51.61 -52.92 -54.32 -55.81 -57.41 -59.13 -60.98 -62.97 -65.13 -67.47 -70.01 -72.78 -75.8 -79.09 -82.64 -86.44 -90.46 -94.59 -98.68 -102.4 -105.5 -107.2 -106.8 -103.2 -95.27 -81.43 -59.71 -27.29 19.25 77.26 123.3 141.2 141.5 135
-16.15 -16.64 -17.14 -17.67 -18.22 -18.79 -19.39 -20.01 -20.66 -21.33 -22.03 -22.75 -23.5 -24.27 -25.07 -25.89 -26.73 -27.58 -28.45 -29.33 -30.22 -31.12 -32.02 -32.92 -33.83 -34.74 -35.65 -36.57 -37.5 -38.43 -39.37 -40.33 -41.29 -42.27 -43.25 -44.25 -45.28 -46.32 -47.4 -48.52 -49.69 -50.92 -52.22 -53.6 -55.07 -56.65 -58.35 -60.19 -62.17 -64.33 -66.68 -69.24 -72.04 -75.08 -78.4 -81.98 -85.82 -89.87 -94.04 -98.16 -102 -105 -106.8 -106.4 -102.8 -94.91 -81.1 -59.4 -27 19.52 77.51 123.5 141.4 141.7 135.2
-15.92 -16.39 -16.88 -17.39 -17.92 -18.47 -19.04 -19.64 -20.26 -20.91 -21.57 -22.27 -22.98 -23.72 -24.49 -25.27 -26.08 -26.9 -27.74 -28.59 -29.46 -30.33 -31.22 -32.11 -33.01 -33.91 -34.82 -35.74 -36.67 -37.6 -38.54 -39.49 -40.45 -41.42 -42.41 -43.41 -44.43 -45.48 -46.56 -47.68 -48.85 -50.08 -51.38 -52.76 -54.24 -55.82 -57.52 -59.37 -61.37 -63.54 -65.91 -68.49 -71.31 -74.39 -77.74 -81.35 -85.23 -89.31 -93.51 -97.66 -101.5 -104.6 -106.3 -106 -102.5 -94.57 -80.79 -59.1 -26.72 19.78 77.76 123.7 141.6 141.9 135.4
-15.69 -16.15 -16.62 -17.12 -17.63 -18.16 -18.71 -19.29 -19.88 -20.5 -21.14 -21.81 -22.49 -23.2 -23.93 -24.68 -25.45 -26.24 -27.05 -27.88 -28.71 -29.56 -30.42 -31.3 -32.18 -33.07 -33.96 -34.87 -35.78 -36.71 -37.64 -38.58 -39.53 -40.5 -41.48 -42.48 -43.5 -44.55 -45.64 -46.77 -47.95 -49.19 -50.49 -51.89 -53.37 -54.97 -56.69 -58.55 -60.56 -62.76 -65.15 -67.76 -70.62 -73.72 -77.1 -80.75 -84.66 -88.77 -93.01 -97.18 -101 -104.2 -105.9 -105.6 -102.1 -94.25 -80.48 -58.81 -26.44 20.04 78.01 124 141.9 142.1 135.6
-15.48 -15.92 -16.38 -16.85 -17.35 -17.86 -18.39 -18.95 -19.52 -20.11 -20.73 -21.36 -22.02 -22.7 -23.4 -24.12 -24.86 -25.62 -26.4 -27.19 -28 -28.82 -29.65 -30.5 -31.36 -32.23 -33.11 -33.99 -34.89 -35.8 -36.72 -37.65 -38.6 -39.55 -40.53 -41.53 -42.55 -43.61 -44.7 -45.84 -47.03 -48.28 -49.6 -51.01 -52.51 -54.12 -55.86 -57.74 -59.79 -62.01 -64.43 -67.07 -69.95 -73.09 -76.5 -80.18 -84.12 -88.26 -92.52 -96.73 -100.6 -103.8 -105.6 -105.2 -101.8 -93.93 -80.18 -58.53 -26.18 20.29 78.24 124.2 142.1 142.3 135.8
-15.27 -15.7 -16.14 -16.6 -17.08 -17.57 -18.09 -18.62 -19.17 -19.74 -20.33 -20.94 -21.58 -22.23 -22.9 -23.59 -24.3 -25.03 -25.78 -26.54 -27.32 -28.11 -28.92 -29.74 -30.57 -31.42 -32.27 -33.14 -34.02 -34.91 -35.82 -36.74 -37.67 -38.62 -39.6 -40.59 -41.62 -42.68 -43.77 -44.92 -46.12 -47.38 -48.72 -50.15 -51.67 -53.31 -55.07 -56.97 -59.04 -61.29 -63.74 -66.41 -69.32 -72.49 -75.93 -79.64 -83.6 -87.78 -92.06 -96.29 -100.2 -103.4 -105.2 -104.9 -101.5 -93.62 -79.89 -58.26 -25.92 20.54 78.48 124.4 142.3 142.5 136
-15.07 -15.48 -15.91 -16.36 -16.82 -17.3 -17.79 -18.31 -18.84 -19.39 -19.96 -20.55 -21.15 -21.78 -22.42 -23.09 -23.77 -24.47 -25.19 -25.92 -26.67 -27.44 -28.22 -29.01 -29.82 -30.64 -31.48 -32.33 -33.19 -34.06 -34.95 -35.86 -36.78 -37.73 -38.69 -39.69 -40.72 -41.78 -42.88 -44.04 -45.25 -46.53 -47.88 -49.33 -50.87 -52.53 -54.31 -56.24 -58.33 -60.61 -63.08 -65.78 -68.72 -71.92 -75.38 -79.12 -83.11 -87.31 -91.62 -95.88 -99.81 -103 -104.9 -104.6 -101.1 -93.33 -79.61 -57.99 -25.67 20.78 78.7 124.6 142.5 142.7 136.1
-14.87 -15.27 -15.69 -16.12 -16.57 -17.03 -17.51 -18.01 -18.52 -19.05 -19.6 -20.17 -20.75 -21.35 -21.97 -22.61 -23.27 -23.94 -24.63 -25.34 -26.07 -26.81 -27.56 -28.33 -29.11 -29.91 -30.73 -31.55 -32.4 -33.26 -34.13 -35.03 -35.94 -36.88 -37.84 -38.83 -39.86 -40.93 -42.04 -43.2 -44.43 -45.72 -47.09 -48.55 -50.11 -51.79 -53.6 -55.55 -57.67 -59.96 -62.47 -65.19 -68.15 -71.38 -74.87 -78.63 -82.65 -86.87 -91.21 -95.48 -99.43 -102.6 -104.5 -104.3 -100.8 -93.04 -79.34 -57.73 -25.42 21.01 78.92 124.8 142.7 142.9 136.3
-14.68 -15.07 -15.48 -15.89 -16.33 -16.78 -17.24 -17.72 -18.22 -18.73 -19.26 -19.81 -20.37 -20.95 -21.55 -22.16 -22.8 -23.45 -24.11 -24.8 -25.5 -26.21 -26.94 -27.69 -28.45 -29.23 -30.02 -30.83 -31.66 -32.5 -33.36 -34.24 -35.15 -36.08 -37.04 -38.03 -39.06 -40.13 -41.25 -42.42 -43.65 -44.96 -46.34 -47.82 -49.4 -51.1 -52.92 -54.9 -57.04 -59.36 -61.88 -64.63 -67.62 -70.87 -74.38 -78.17 -82.21 -86.45 -90.81 -95.11 -99.08 -102.3 -104.2 -103.9 -100.5 -92.77 -79.08 -57.49 -25.19 21.23 79.14 125 142.9 143.1 136.5
-14.5 -14.88 -15.27 -15.68 -16.1 -16.53 -16.98 -17.45 -17.93 -18.42 -18.94 -19.46 -20.01 -20.57 -21.15 -21.74 -22.35 -22.98 -23.62 -24.29 -24.96 -25.65 -26.36 -27.09 -27.83 -28.59 -29.36 -30.15 -30.96 -31.79 -32.64 -33.51 -34.41 -35.34 -36.29 -37.28 -38.31 -39.38 -40.51 -41.69 -42.93 -44.25 -45.65 -47.14 -48.73 -50.45 -52.29 -54.29 -56.45 -58.79 -61.34 -64.11 -67.12 -70.39 -73.93 -77.73 -81.79 -86.06 -90.43 -94.75 -98.73 -102 -103.9 -103.7 -100.3 -92.5 -78.82 -57.25 -24.96 21.45 79.34 125.2 143.1 143.2 136.7
-14.32 -14.69 -15.07 -15.47 -15.88 -16.3 -16.74 -17.19 -17.65 -18.13 -18.63 -19.14 -19.67 -20.21 -20.77 -21.34 -21.94 -22.54 -23.17 -23.81 -24.46 -25.13 -25.82 -26.53 -27.25 -27.99 -28.75 -29.52 -30.32 -31.14 -31.97 -32.84 -33.73 -34.65 -35.6 -36.59 -37.62 -38.69 -39.82 -41.01 -42.26 -43.59 -45 -46.5 -48.11 -49.84 -51.71 -53.72 -55.9 -58.26 -60.83 -63.62 -66.65 -69.94 -73.49 -77.32 -81.4 -85.68 -90.07 -94.41 -98.41 -101.7 -103.6 -103.4 -100 -92.24 -78.58 -57.01 -24.74 21.66 79.55 125.4 143.3 143.4 136.8
-14.15 -14.51 -14.88 -15.27 -15.66 -16.08 -16.5 -16.94 -17.39 -17.86 -18.34 -18.83 -19.34 -19.87 -20.41 -20.97 -21.54 -22.13 -22.74 -23.36 -24 -24.65 -25.32 -26.01 -26.71 -27.44 -28.18 -28.94 -29.72 -30.53 -31.36 -32.21 -33.09 -34.01 -34.95 -35.94 -36.97 -38.05 -39.18 -40.37 -41.63 -42.97 -44.39 -45.91 -47.54 -49.28 -51.16 -53.19 -55.39 -57.77 -60.35 -63.16 -66.21 -69.51 -73.09 -76.93 -81.02 -85.32 -89.73 -94.08 -98.1 -101.4 -103.3 -103.1 -99.74 -92 -78.34 -56.79 -24.52 21.87 79.75 125.6 143.4 143.6 137
